#Wavelength(nm)	T%
1100		0.031365369
1099.5		0.030277416
1099		0.030077595
1098.5		0.030358378
1098		0.030609019
1097.5		0.030417144
1097		0.030694488
1096.5		0.029506426
1096		0.029426545
1095.5		0.030218577
1095		0.030217242
1094.5		0.02868811
1094		0.02898621
1093.5		0.02840136
1093		0.028011741
1092.5		0.028474888
1092		0.028653277
1091.5		0.02831316
1091		0.027817518
1090.5		0.027850932
1090		0.027493011
1089.5		0.027326366
1089		0.027112994
1088.5		0.02662494
1088		0.026340136
1087.5		0.025888594
1087		0.026110504
1086.5		0.024767043
1086		0.025466187
1085.5		0.024639726
1085		0.024858246
1084.5		0.024883205
1084		0.024711812
1083.5		0.024310397
1083		0.023864942
1082.5		0.022845941
1082		0.023026535
1081.5		0.023377314
1081		0.02274007
1080.5		0.022744661
1080		0.022745404
1079.5		0.022152362
1079		0.022176748
1078.5		0.021029729
1078		0.02110156
1077.5		0.020815687
1077		0.020871388
1076.5		0.020974128
1076		0.020052742
1075.5		0.019585518
1075		0.020199239
1074.5		0.018824173
1074		0.019016346
1073.5		0.018646158
1073		0.018796375
1072.5		0.017840536
1072		0.017445304
1071.5		0.018687863
1071		0.017952221
1070.5		0.016802913
1070		0.01627594
1069.5		0.016793203
1069		0.01610131
1068.5		0.016339639
1068		0.015108919
1067.5		0.015029435
1067		0.014523283
1066.5		0.014834313
1066		0.013704906
1065.5		0.013625958
1065		0.014206011
1064.5		0.013341673
1064		0.013442332
1063.5		0.013380573
1063		0.012882095
1062.5		0.012749198
1062		0.012226424
1061.5		0.011262088
1061		0.011925801
1060.5		0.011002596
1060		0.011641322
1059.5		0.011493873
1059		0.011047922
1058.5		0.010484746
1058		0.009707456
1057.5		0.010322282
1057		0.010574689
1056.5		0.009510042
1056		0.010336561
1055.5		0.009535111
1055		0.009643549
1054.5		0.008779355
1054		0.008807985
1053.5		0.008468692
1053		0.009131634
1052.5		0.00872494
1052		0.009106996
1051.5		0.00810124
1051		0.007478212
1050.5		0.007170924
1050		0.007129736
1049.5		0.00665766
1049		0.00730054
1048.5		0.008016556
1048		0.00748504
1047.5		0.007109292
1047		0.006432481
1046.5		0.006744162
1046		0.006388143
1045.5		0.006179411
1045		0.006648601
1044.5		0.006752297
1044		0.005822034
1043.5		0.006022418
1043		0.005199171
1042.5		0.005719814
1042		0.00595241
1041.5		0.005730205
1041		0.006063136
1040.5		0.005426426
1040		0.005205906
1039.5		0.004967905
1039		0.005410274
1038.5		0.005708161
1038		0.005082345
1037.5		0.005008505
1037		0.005176421
1036.5		0.005115447
1036		0.004517589
1035.5		0.004602307
1035		0.005246248
1034.5		0.005605571
1034		0.004382488
1033.5		0.004567189
1033		0.004699964
1032.5		0.004635079
1032		0.00474171
1031.5		0.004396128
1031		0.004538494
1030.5		0.004240701
1030		0.00456851
1029.5		0.00408011
1029		0.003746541
1028.5		0.004477614
1028		0.003878364
1027.5		0.004447416
1027		0.004037435
1026.5		0.003528488
1026		0.003136975
1025.5		0.004276363
1025		0.003444141
1024.5		0.003964421
1024		0.003408299
1023.5		0.003707096
1023		0.003496626
1022.5		0.003952319
1022		0.003329227
1021.5		0.003855285
1021		0.003046274
1020.5		0.003558984
1020		0.003626873
1019.5		0.003134998
1019		0.003225118
1018.5		0.003541947
1018		0.003818818
1017.5		0.003388688
1017		0.00333755
1016.5		0.003162008
1016		0.00344885
1015.5		0.004344135
1015		0.00365792
1014.5		0.00337854
1014		0.002706068
1013.5		0.00304532
1013		0.003460746
1012.5		0.003271269
1012		0.003714717
1011.5		0.003646079
1011		0.003266992
1010.5		0.002805043
1010		0.003656792
1009.5		0.004175339
1009		0.00306739
1008.5		0.003010677
1008		0.003502492
1007.5		0.002954806
1007		0.003375076
1006.5		0.002999354
1006		0.003772696
1005.5		0.002908814
1005		0.003739772
1004.5		0.002795215
1004		0.004108229
1003.5		0.002961472
1003		0.002627645
1002.5		0.003098827
1002		0.002562574
1001.5		0.003089135
1001		0.003167407
1000.5		0.003041969
1000		0.003534897
999.5		0.003317032
999		0.003432639
998.5		0.003524891
998		0.0039105
997.5		0.003806156
997		0.003525641
996.5		0.002936498
996		0.003139182
995.5		0.003611174
995		0.003852542
994.5		0.002005664
994		0.003075322
993.5		0.003748291
993		0.003001053
992.5		0.003438929
992		0.003145376
991.5		0.002844976
991		0.003587669
990.5		0.002773487
990		0.00313459
989.5		0.003110575
989		0.00269553
988.5		0.003052093
988		0.003298488
987.5		0.003026296
987		0.003543492
986.5		0.003143615
986		0.002935019
985.5		0.002495355
985		0.002265126
984.5		0.002146841
984		0.002371986
983.5		0.002044392
983		0.002956085
982.5		0.002777682
982		0.002560328
981.5		0.002840621
981		0.001371943
980.5		0.00131002
980		0.002015873
979.5		0.001370124
979		0.002284206
978.5		0.000684165
978		0.00157574
977.5		0.001389166
977		0.001192164
976.5		0.00147585
976		0.001889473
975.5		0.001467085
975		0.001620143
974.5		0.000603256
974		0.001198543
973.5		0.001455988
973		0.000836828
972.5		0.001319548
972		0.001582324
971.5		0.001145182
971		0.00140835
970.5		0.001349644
970		0.001219792
969.5		0.001775204
969		0.00159133
968.5		0.000816422
968		0.001893839
967.5		0.000691161
967		0.000991928
966.5		0.00108783
966		0.000936847
965.5		0.001156234
965		0.001432815
964.5		0.000930584
964		0.001380684
963.5		0.00148938
963		0.000733671
962.5		0.001261242
962		0.000788445
961.5		0.000744688
961		0.001034317
960.5		0.001446852
960		0.001005399
959.5		0.000823051
959		0.0010124
958.5		0.000595782
958		0.000795821
957.5		0.000668696
957		0.000898679
956.5		0.00082646
956		0.000494339
955.5		2.69E-06
955		3.10E-05
954.5		0.000649387
954		0.000615837
953.5		0.000507157
953		0.000497161
952.5		0.001091044
952		0.00148338
951.5		0.000715268
951		0.000260316
950.5		0.000763258
950		0.000742049
949.5		-1.05E-06
949		0.000432689
948.5		-0.00011553
948		0.000867272
947.5		0.000653894
947		0.001144024
946.5		0.00034401
946		0.000799498
945.5		0.000108778
945		0.001121497
944.5		0.000713932
944		0.001217024
943.5		2.44E-05
943		0.000408016
942.5		0.001168784
942		9.27E-06
941.5		0.000358427
941		0.00042575
940.5		0.000588664
940		0.000932752
939.5		0.000233426
939		0.000477064
938.5		0.001087786
938		0.000657429
937.5		0.000878757
937		0.001099816
936.5		0.000821807
936		0.000259133
935.5		0.000724128
935		0.000951578
934.5		-1.81E-06
934		0.000511521
933.5		0.000978372
933		0.000499065
932.5		0.001286722
932		0.000853883
931.5		0.000952761
931		0.001270814
930.5		0.00014044
930		0.000972038
929.5		0.000984962
929		0.0005975
928.5		0.00086155
928		0.00103501
927.5		-0.000303951
927		0.000515206
926.5		0.001144296
926		0.000746967
925.5		0.000653331
925		0.000977081
924.5		0.000759935
924		0.001794153
923.5		0.000564716
923		0.000702824
922.5		0.000342683
922		0.000813985
921.5		0.000106766
921		0.00084953
920.5		0.000626061
920		0.000931745
919.5		0.000520729
919		0.000471486
918.5		0.001272817
918		0.000331416
917.5		-0.000153831
917		0.000359618
916.5		0.000225177
916		0.000811621
915.5		0.001682263
915		0.000340352
914.5		0.00013753
914		0.000947428
913.5		0.001674668
913		0.000546248
912.5		-0.000338371
912		0.000714376
911.5		0.000752096
911		0.000311465
910.5		0.001619733
910		-0.000155559
909.5		0.000572426
909		0.000879074
908.5		0.000412573
908		0.000368344
907.5		0.001069824
907		0.000122414
906.5		0.000220145
906		0.000506549
905.5		0.000534909
905		0.00035915
904.5		0.000408083
904		0.000438468
903.5		0.000397227
903		0.000785888
902.5		0.000351432
902		0.000819451
901.5		9.42E-05
901		0.000974035
900.5		0.000513574
900		0.000375768
899.5		0.000914602
899		-0.000115289
898.5		-0.000234835
898		0.000638083
897.5		-0.000112698
897		-0.00072188
896.5		0.000535269
896		0.000181056
895.5		-0.000222595
895		0.000744693
894.5		0.00034916
894		0.000125426
893.5		3.03E-05
893		-0.000302042
892.5		0.000199803
892		0.000532215
891.5		-0.000365292
891		8.89E-06
890.5		0.000254442
890		0.000346545
889.5		0.000127284
889		0.001118289
888.5		0.000728478
888		-0.000284321
887.5		-0.00011739
887		0.000203079
886.5		-0.000764472
886		0.000150949
885.5		-0.000813718
885		0.000637956
884.5		-5.96E-05
884		0.000767675
883.5		-8.59E-05
883		2.11E-08
882.5		0.000452874
882		1.02E-06
881.5		0.00025255
881		7.83E-05
880.5		0.00090124
880		0.000372599
879.5		-0.000263934
879		-0.000106108
878.5		0.000464475
878		0.00042996
877.5		0.000179366
877		7.85E-05
876.5		-0.000279153
876		-0.000204466
875.5		0.000151224
875		0.000875084
874.5		-0.000127877
874		-0.000334607
873.5		0.000708351
873		-0.000174201
872.5		-8.87E-05
872		-0.000506512
871.5		3.89E-05
871		5.85E-05
870.5		0.000269989
870		0.000201971
869.5		0.00029176
869		0.000562973
868.5		0.00095626
868		-2.33E-05
867.5		0.000259925
867		0.000593437
866.5		5.15E-05
866		-0.000196823
865.5		0.00052902
865		0.000576878
864.5		-0.0001694
864		0.00055575
863.5		0.000377528
863		0.000417528
862.5		0.00042888
862		0.000496347
861.5		0.000279334
861		-0.000176698
860.5		0.000904939
860		0.001473492
859.5		9.62E-05
859		0.000920931
858.5		0.001023463
858		0.000420647
857.5		-0.000311993
857		0.000970316
856.5		0.000849384
856		0.00072037
855.5		0.000217672
855		-0.000161482
854.5		0.001542855
854		0.000754503
853.5		0.00029387
853		0.000762871
852.5		0.000508395
852		0.000587869
851.5		0.000986789
851		0.000298599
850.5		0.000560448
850		0.001194773
849.5		0.000370743
849		0.000359562
848.5		0.000327362
848		0.000324721
847.5		0.000219482
847		0.000221735
846.5		0.000231546
846		9.54E-05
845.5		0.000245038
845		0.000300246
844.5		0.000124371
844		0.000181042
843.5		0.000311157
843		0.000229539
842.5		6.32E-05
842		0.000123303
841.5		3.27E-05
841		0.00017577
840.5		0.000214894
840		6.93E-05
839.5		0.000121347
839		0.000111489
838.5		0.000204854
838		0.000132777
837.5		2.49E-05
837		0.000240707
836.5		6.37E-05
836		0.000233619
835.5		0.000142238
835		9.00E-05
834.5		0.0001738
834		4.14E-05
833.5		0.000132609
833		3.69E-05
832.5		0.000112622
832		8.77E-05
831.5		0.000173806
831		9.19E-05
830.5		5.57E-05
830		-1.87E-05
829.5		0.000162612
829		-9.51E-07
828.5		-3.18E-06
828		6.95E-05
827.5		-3.81E-05
827		0.000130735
826.5		2.64E-05
826		0.000144227
825.5		6.80E-05
825		-3.25E-05
824.5		4.04E-05
824		8.85E-05
823.5		0.000123777
823		0.000251642
822.5		0.000118506
822		0.000333824
821.5		0.000127529
821		8.70E-05
820.5		0.000222649
820		0.000195532
819.5		0.000244597
819		0.000278947
818.5		0.000163674
818		0.000292949
817.5		0.000279206
817		0.000317636
816.5		0.000362646
816		0.000376659
815.5		0.00034533
815		0.000388223
814.5		0.000421559
814		0.000422561
813.5		0.000512106
813		0.000640885
812.5		0.000496627
812		0.000592076
811.5		0.00054478
811		0.000510115
810.5		0.0004236
810		0.000359341
809.5		0.000302725
809		0.000344219
808.5		0.00020067
808		0.000231424
807.5		0.000211484
807		0.000145968
806.5		0.000153439
806		0.000175298
805.5		0.000108213
805		7.65E-05
804.5		3.99E-05
804		0.000222067
803.5		-3.07E-06
803		3.95E-05
802.5		4.45E-05
802		0.000142369
801.5		2.69E-05
801		4.37E-05
800.5		-5.50E-05
800		4.06E-05
799.5		0.000137037
799		-2.86E-05
798.5		8.05E-05
798		7.69E-06
797.5		1.46E-05
797		0.000178203
796.5		7.84E-05
796		-5.09E-07
795.5		6.18E-05
795		3.53E-05
794.5		0.000115872
794		-2.36E-05
793.5		2.92E-05
793		-0.000194821
792.5		-1.17E-05
792		-1.90E-05
791.5		-4.39E-05
791		-1.76E-05
790.5		8.70E-05
790		-6.51E-05
789.5		2.77E-05
789		8.67E-05
788.5		0.000114029
788		4.96E-05
787.5		3.37E-05
787		7.08E-05
786.5		0.000133291
786		2.26E-05
785.5		-2.85E-05
785		2.33E-05
784.5		3.58E-05
784		5.21E-05
783.5		-3.35E-05
783		9.59E-05
782.5		6.76E-05
782		0.00010102
781.5		-3.29E-06
781		0.000102478
780.5		-4.65E-05
780		-5.52E-05
779.5		-5.19E-05
779		-8.81E-05
778.5		1.78E-05
778		0.000105963
777.5		-4.36E-05
777		1.37E-05
776.5		-2.06E-05
776		1.23E-05
775.5		-8.34E-05
775		3.17E-05
774.5		-5.85E-07
774		-7.53E-05
773.5		-2.28E-05
773		6.94E-05
772.5		0.000103848
772		2.05E-05
771.5		0.0001317
771		1.80E-06
770.5		-6.00E-05
770		9.22E-06
769.5		-4.42E-05
769		-6.85E-05
768.5		5.10E-05
768		-8.89E-05
767.5		-2.26E-05
767		5.16E-05
766.5		-5.84E-06
766		0.000133649
765.5		-5.35E-05
765		9.30E-05
764.5		8.55E-05
764		-8.72E-05
763.5		4.28E-05
763		4.07E-05
762.5		-4.17E-05
762		-5.29E-06
761.5		4.33E-06
761		0.000201329
760.5		0.000157983
760		-1.41E-05
759.5		-9.62E-05
759		6.18E-05
758.5		8.99E-05
758		-7.83E-05
757.5		5.89E-05
757		1.70E-05
756.5		3.73E-05
756		2.13E-05
755.5		0.000168655
755		-8.47E-05
754.5		-8.02E-05
754		-7.35E-05
753.5		7.31E-05
753		4.65E-05
752.5		2.29E-05
752		-8.41E-05
751.5		5.50E-05
751		-0.000133565
750.5		7.08E-05
750		-0.000135966
749.5		-6.25E-05
749		8.68E-05
748.5		-7.59E-05
748		-1.92E-05
747.5		-1.17E-05
747		7.36E-05
746.5		2.70E-05
746		3.36E-05
745.5		-0.000101287
745		4.72E-05
744.5		-8.57E-05
744		8.79E-05
743.5		-4.01E-05
743		4.34E-05
742.5		8.89E-05
742		8.45E-05
741.5		3.26E-05
741		9.17E-05
740.5		6.09E-05
740		-8.45E-05
739.5		-2.22E-05
739		4.09E-05
738.5		-0.000145467
738		-3.52E-05
737.5		-6.57E-05
737		-2.60E-07
736.5		2.35E-05
736		8.27E-05
735.5		-9.00E-05
735		-3.33E-05
734.5		-1.26E-05
734		-5.03E-05
733.5		5.15E-05
733		-3.11E-05
732.5		-1.49E-05
732		5.90E-05
731.5		0.00013508
731		7.03E-05
730.5		-6.67E-06
730		2.20E-06
729.5		7.57E-05
729		5.52E-05
728.5		-7.64E-05
728		1.94E-05
727.5		4.38E-05
727		9.56E-05
726.5		5.94E-05
726		5.82E-06
725.5		7.05E-05
725		-5.15E-06
724.5		1.71E-05
724		-7.85E-05
723.5		0.000175484
723		4.84E-06
722.5		-9.63E-07
722		6.18E-05
721.5		-7.14E-06
721		-6.50E-05
720.5		-1.21E-07
720		-0.000126466
719.5		0.000120989
719		6.61E-05
718.5		3.51E-05
718		1.04E-05
717.5		9.61E-05
717		-2.57E-05
716.5		0.000116357
716		4.16E-05
715.5		3.73E-05
715		-4.90E-05
714.5		4.93E-05
714		4.85E-05
713.5		2.00E-05
713		-7.03E-05
712.5		9.42E-05
712		-0.000103062
711.5		6.64E-05
711		9.03E-05
710.5		2.97E-06
710		3.27E-05
709.5		3.27E-05
709		4.10E-06
708.5		-3.05E-05
708		6.88E-06
707.5		6.76E-05
707		4.64E-05
706.5		-7.46E-06
706		4.29E-05
705.5		-2.12E-05
705		-2.57E-05
704.5		4.03E-05
704		-1.98E-05
703.5		5.70E-05
703		-3.36E-05
702.5		4.29E-05
702		2.48E-05
701.5		0.00011404
701		2.55E-05
700.5		-5.82E-05
700		-5.55E-05
699.5		-4.78E-07
699		0.000116024
698.5		7.87E-05
698		-1.16E-05
697.5		0.000127277
697		1.11E-05
696.5		3.74E-05
696		3.33E-05
695.5		-7.70E-05
695		2.77E-05
694.5		-0.00014144
694		4.11E-05
693.5		-9.22E-06
693		8.38E-05
692.5		2.63E-05
692		5.91E-05
691.5		2.62E-05
691		-3.55E-05
690.5		9.76E-05
690		1.78E-06
689.5		0.0001219
689		3.62E-06
688.5		2.14E-06
688		1.41E-05
687.5		9.78E-06
687		3.07E-05
686.5		4.86E-05
686		0.000171649
685.5		7.21E-05
685		-5.17E-05
684.5		8.66E-05
684		4.69E-05
683.5		-9.17E-06
683		3.72E-05
682.5		1.55E-05
682		8.61E-05
681.5		-9.00E-06
681		5.75E-06
680.5		-8.89E-05
680		1.76E-05
679.5		-1.31E-05
679		-7.87E-05
678.5		0.000131052
678		-5.45E-05
677.5		-4.65E-06
677		1.57E-05
676.5		6.34E-05
676		1.61E-06
675.5		-4.45E-05
675		-2.15E-05
674.5		-4.27E-05
674		8.65E-05
673.5		2.07E-05
673		-0.000143902
672.5		-4.07E-05
672		-4.51E-06
671.5		5.15E-05
671		-1.74E-05
670.5		-2.85E-05
670		3.58E-05
669.5		-0.000201994
669		-6.67E-05
668.5		0.000100377
668		-3.22E-05
667.5		-8.45E-06
667		-8.91E-06
666.5		4.45E-05
666		3.42E-05
665.5		5.38E-05
665		2.10E-05
664.5		0.000112438
664		3.00E-05
663.5		4.93E-05
663		-2.22E-06
662.5		-5.88E-05
662		2.28E-05
661.5		6.52E-05
661		0.000105747
660.5		2.21E-05
660		9.35E-05
659.5		7.82E-05
659		-1.83E-05
658.5		4.87E-05
658		4.85E-05
657.5		7.10E-05
657		9.91E-05
656.5		6.09E-05
656		-6.91E-05
655.5		-7.19E-06
655		8.71E-06
654.5		5.48E-05
654		1.45E-05
653.5		9.02E-05
653		-1.86E-05
652.5		5.62E-05
652		-6.60E-05
651.5		8.33E-07
651		8.96E-05
650.5		0.00019832
650		1.49E-05
649.5		-3.10E-05
649		9.14E-06
648.5		7.35E-06
648		-2.68E-06
647.5		3.79E-05
647		9.16E-07
646.5		0.000130607
646		8.47E-05
645.5		7.53E-05
645		7.17E-05
644.5		0.000121325
644		0.000184558
643.5		4.17E-05
643		7.80E-05
642.5		5.46E-05
642		0.000102453
641.5		0.000128579
641		1.07E-05
640.5		5.51E-05
640		0.000145665
639.5		4.54E-05
639		0.000109344
638.5		0.000160804
638		0.000101986
637.5		0.000205195
637		0.00023991
636.5		5.87E-05
636		0.000159425
635.5		0.000333554
635		0.000109002
634.5		0.000247017
634		0.000389769
633.5		0.000255828
633		0.00026918
632.5		0.000261453
632		0.000190713
631.5		0.000269792
631		0.000355994
630.5		0.000329963
630		0.000352439
629.5		0.000217292
629		0.000234506
628.5		0.000301538
628		0.000381152
627.5		0.000400918
627		0.00027319
626.5		0.00018518
626		0.00031053
625.5		0.000337144
625		0.000328232
624.5		0.000282083
624		0.000383453
623.5		0.000366931
623		0.000274442
622.5		0.000431953
622		0.000380883
621.5		0.0004532
621		0.000461328
620.5		0.000450515
620		0.000341216
619.5		0.000478289
619		0.000455156
618.5		0.000449693
618		0.000573926
617.5		0.000440297
617		0.000473925
616.5		0.000625528
616		0.000525513
615.5		0.00041316
615		0.000537277
614.5		0.000564782
614		0.000568936
613.5		0.000647792
613		0.000578653
612.5		0.000668287
612		0.000704383
611.5		0.000646028
611		0.000769989
610.5		0.000807757
610		0.000679352
609.5		0.000707675
609		0.000823761
608.5		0.000766869
608		0.000891886
607.5		0.000827672
607		0.000958733
606.5		0.000907173
606		0.00099174
605.5		0.001010092
605		0.001184517
604.5		0.001092796
604		0.00102164
603.5		0.001163398
603		0.001410829
602.5		0.001268943
602		0.001408617
601.5		0.001362481
601		0.00131481
600.5		0.001490005
600		0.001695383
599.5		0.001531119
599		0.00170931
598.5		0.001840302
598		0.002108259
597.5		0.001918174
597		0.002159488
596.5		0.002210945
596		0.002336749
595.5		0.002538714
595		0.002579155
594.5		0.002735261
594		0.002768939
593.5		0.003020526
593		0.00319149
592.5		0.003444013
592		0.003742832
591.5		0.003778964
591		0.004095746
590.5		0.004275583
590		0.004560502
589.5		0.004770211
589		0.005148717
588.5		0.005382103
588		0.005677958
587.5		0.006228521
587		0.006498737
586.5		0.006932898
586		0.007419543
585.5		0.008093855
585		0.008587077
584.5		0.009113542
584		0.009975291
583.5		0.010547722
583		0.011308571
582.5		0.012375979
582		0.01318695
581.5		0.014127514
581		0.015398175
580.5		0.016802693
580		0.018119177
579.5		0.019679699
579		0.021353098
578.5		0.023242217
578		0.025034582
577.5		0.027452294
577		0.029798478
576.5		0.032579273
576		0.035578176
575.5		0.039021309
575		0.042840134
574.5		0.047064092
574		0.051690552
573.5		0.056751888
573		0.062932193
572.5		0.069507398
572		0.077008702
571.5		0.085326247
571		0.094925895
570.5		0.105762571
570		0.11797522
569.5		0.131275296
569		0.147506163
568.5		0.165274307
568		0.185830981
567.5		0.209698573
567		0.236387134
566.5		0.267343402
566		0.30381763
565.5		0.345570594
565		0.393262178
564.5		0.448562145
564		0.513885677
563.5		0.589488328
563		0.678462565
562.5		0.784938335
562		0.908466637
561.5		1.05418539
561		1.22842133
560.5		1.433858514
560		1.679614782
559.5		1.975641608
559		2.330266953
558.5		2.75433588
558		3.268859148
557.5		3.89372921
557		4.645309925
556.5		5.559083462
556		6.69387579
555.5		8.043651581
555		9.678874969
554.5		11.68107033
554		14.02890205
553.5		16.88196564
553		20.24718857
552.5		24.12813759
552		28.56600952
551.5		33.50829315
551		38.90700912
550.5		44.51863861
550		50.26109695
549.5		56.06701279
549		61.44441986
548.5		66.32789612
548		70.69020844
547.5		74.30488586
547		77.3217926
546.5		79.73679352
546		81.57288361
545.5		82.95989227
545		84.00839233
544.5		84.80241394
544		85.43502045
543.5		85.96103668
543		86.42551422
542.5		86.85189819
542		87.26280212
541.5		87.69130707
541		88.10878754
540.5		88.53010559
540		88.96226501
539.5		89.37197113
539		89.77182007
538.5		90.14044189
538		90.47258759
537.5		90.76615906
537		91.02422333
536.5		91.23136902
536		91.38244629
535.5		91.49182129
535		91.54003143
534.5		91.54309845
534		91.50102997
533.5		91.41830444
533		91.29531097
532.5		91.14383698
532		90.97793579
531.5		90.78475952
531		90.57970428
530.5		90.36662292
530		90.14812469
529.5		89.93103027
529		89.71640778
528.5		89.49871826
528		89.30633545
527.5		89.12753296
527		88.96911621
526.5		88.81676483
526		88.69797516
525.5		88.58626556
525		88.50244141
524.5		88.4389801
524		88.40614319
523.5		88.3914566
523		88.40361023
522.5		88.44422913
522		88.51577759
521.5		88.59583282
521		88.71101379
520.5		88.84341431
520		88.99434662
519.5		89.17177582
519		89.36816406
518.5		89.58202362
518		89.81445313
517.5		90.05808258
517		90.32337952
516.5		90.59220886
516		90.87231445
515.5		91.15525818
515		91.43315125
514.5		91.72503662
514		92.00662994
513.5		92.27864075
513		92.54001617
512.5		92.79361725
512		93.00819397
511.5		93.22825623
511		93.42540741
510.5		93.59111023
510		93.72810364
509.5		93.84705353
509		93.92317963
508.5		93.97637939
508		94.00399017
507.5		94.0005722
507		93.97374725
506.5		93.91783142
506		93.83676147
505.5		93.73509216
505		93.61682892
504.5		93.48040009
504		93.33415985
503.5		93.17346191
503		93.01490784
502.5		92.85279846
502		92.69941711
501.5		92.53980255
501		92.39516449
500.5		92.26301575
500		92.14013672
499.5		92.04013062
499		91.96157837
498.5		91.88361359
498		91.84481812
497.5		91.81432343
497		91.82259369
496.5		91.83825684
496		91.87485504
495.5		91.93655396
495		92.01204681
494.5		92.0974884
494		92.215271
493.5		92.3298645
493		92.45397949
492.5		92.58505249
492		92.71489716
491.5		92.85095978
491		92.97777557
490.5		93.09489441
490		93.20023346
489.5		93.29831696
489		93.37271881
488.5		93.43642426
488		93.47812653
487.5		93.49214935
487		93.48255157
486.5		93.46622467
486		93.42355347
485.5		93.34762573
485		93.26232147
484.5		93.14858246
484		93.07089996
483.5		92.91313171
483		92.75375366
482.5		92.6031189
482		92.44140625
481.5		92.28466797
481		92.12468719
480.5		91.96543884
480		91.82388306
479.5		91.69299316
479		91.57143402
478.5		91.45800781
478		91.37049103
477.5		91.29933167
477		91.24768066
476.5		91.22006226
476		91.20471191
475.5		91.21630859
475		91.24560547
474.5		91.2820282
474		91.33792877
473.5		91.41040039
473		91.49597168
472.5		91.57723236
472		91.66863251
471.5		91.764328
471		91.84796143
470.5		91.94149017
470		92.00590515
469.5		92.0645752
469		92.115242
468.5		92.14015198
468		92.14329529
467.5		92.12802887
467		92.08787537
466.5		92.02685547
466		91.94078064
465.5		91.84127808
465		91.72106934
464.5		91.57803345
464		91.4541626
463.5		91.27059937
463		91.09067535
462.5		90.9067688
462		90.72834015
461.5		90.56899261
461		90.39654541
460.5		90.25730133
460		90.10823059
459.5		89.99437714
459		89.8892746
458.5		89.81394958
458		89.76206207
457.5		89.73290253
457		89.71045685
456.5		89.72715759
456		89.74008179
455.5		89.78814697
455		89.84038544
454.5		89.90784454
454		89.9656601
453.5		90.02316284
453		90.07970428
452.5		90.11888123
452		90.1447525
451.5		90.1423645
451		90.12120056
450.5		90.07022095
450		89.98406982
449.5		89.87281036
449		89.71652985
448.5		89.53438568
448		89.33159637
447.5		89.09468079
447		88.82624817
446.5		88.55337524
446		88.25572205
445.5		87.96227264
445		87.66777039
444.5		87.38638306
444		87.11129761
443.5		86.85006714
443		86.61846161
442.5		86.41956329
442		86.25824738
441.5		86.14453888
441		86.05196381
440.5		86.01628876
440		86.01459503
439.5		86.03995514
439		86.11040497
438.5		86.23879242
438		86.33464813
437.5		86.46710205
437		86.61186981
436.5		86.7616806
436		86.90679169
435.5		87.0308075
435		87.13143158
434.5		87.19709015
434		87.22861481
433.5		87.22320557
433		87.16347504
432.5		87.04689789
432		86.89202118
431.5		86.70144653
431		86.4605484
430.5		86.18707275
430		85.87480927
429.5		85.55353546
429		85.2145462
428.5		84.88585663
428		84.56214905
427.5		84.28131104
427		83.9634552
426.5		83.71689606
426		83.50091553
425.5		83.32293701
425		83.19448853
424.5		83.11019897
424		83.04597473
423.5		83.0358963
423		83.05508423
422.5		83.09106445
422		83.15783691
421.5		83.23484802
421		83.2961731
420.5		83.34913635
420		83.38103485
419.5		83.39292145
419		83.35572815
418.5		83.30592346
418		83.15319061
417.5		82.97164154
417		82.75338745
416.5		82.47441101
416		82.17203522
415.5		81.84242249
415		81.4750061
414.5		81.10176086
414		80.70616913
413.5		80.32108307
413		79.95319366
412.5		79.57650757
412		79.23442841
411.5		78.89906311
411		78.57054138
410.5		78.26226044
410		77.95846558
409.5		77.63441467
409		77.28671265
408.5		76.89698029
408		76.44379425
407.5		75.91175079
407		75.30692291
406.5		74.56983185
406		73.69028473
405.5		72.67182922
405		71.46498871
404.5		70.07254791
404		68.48451233
403.5		66.71495056
403		64.71895599
402.5		62.54386139
402		60.12542725
401.5		57.48833466
401		54.66661453
400.5		51.63587952
400		48.43284225
399.5		45.02625275
399		41.5157814
398.5		37.88042068
398		34.08855057
397.5		30.34663582
397		26.67626762
396.5		23.01569748
396		19.58895302
395.5		16.33286858
395		13.31665707
394.5		10.63459682
394		8.319787979
393.5		6.343876362
393		4.726894379
392.5		3.425698996
392		2.416541576
391.5		1.653520346
391		1.111267328
390.5		0.727887154
390		0.463429928
389.5		0.290116847
389		0.179340288
388.5		0.108743332
388		0.066808388
387.5		0.041806318
387		0.027161578
386.5		0.018904641
386		0.014178267
385.5		0.011701937
385		0.010147196
384.5		0.009613846
384		0.008998494
383.5		0.008764887
383		0.008745176
382.5		0.008559295
382		0.008481666
381.5		0.008479417
381		0.008586066
380.5		0.00863058
380		0.008432363
379.5		0.00835513
379		0.008383272
378.5		0.008380961
378		0.008548632
377.5		0.00837303
377		0.008476091
376.5		0.008415683
376		0.008413327
375.5		0.008571542
375		0.008445431
374.5		0.008482002
374		0.008468585
373.5		0.008441024
373		0.008381018
372.5		0.008324745
372		0.008434199
371.5		0.008259982
371		0.008499303
370.5		0.008326102
370		0.008307458
369.5		0.008524369
369		0.008468055
368.5		0.008356807
368		0.008271161
367.5		0.008360295
367		0.008451086
366.5		0.008382096
366		0.008505184
365.5		0.008454145
365		0.008331886
364.5		0.008346793
364		0.008530811
363.5		0.008457325
363		0.008446466
362.5		0.008530808
362		0.008485301
361.5		0.008328697
361		0.00854217
360.5		0.008401509
360		0.008489322
359.5		0.008510759
359		0.008357896
358.5		0.008420631
358		0.008451386
357.5		0.008574483
357		0.008565204
356.5		0.00845352
356		0.008369965
355.5		0.008371807
355		0.00850809
354.5		0.0085611
354		0.008455999
353.5		0.008517356
353		0.00858989
352.5		0.008476588
352		0.008461868
351.5		0.008438407
351		0.008609495
350.5		0.008547313
350		0.008665387
349.5		0.008723201
349		0.008987437
348.5		0.008408844
348		0.008743222
347.5		0.008605169
347		0.008770633
346.5		0.008738828
346		0.008725504
345.5		0.008631966
345		0.008826892
344.5		0.008730528
344		0.008833388
343.5		0.008838512
343		0.00884617
342.5		0.008836194
342		0.008750816
341.5		0.008841599
341		0.008733772
340.5		0.008505238
340		0.008827386
339.5		0.008693979
339		0.00875744
338.5		0.008700745
338		0.008602438
337.5		0.008687269
337		0.00878437
336.5		0.008520192
336		0.008622168
335.5		0.008676682
335		0.008612912
334.5		0.008684345
334		0.008636851
333.5		0.008488731
333		0.008632203
332.5		0.008606943
332		0.008606978
331.5		0.008521601
331		0.008612647
330.5		0.008536827
330		0.008538732
329.5		0.008627927
329		0.00844166
328.5		0.008531502
328		0.00855901
327.5		0.008437476
327		0.008373156
326.5		0.008374159
326		0.008383707
325.5		0.008491524
325		0.008412649
324.5		0.008310127
324		0.008371669
323.5		0.008323307
323		0.008503212
322.5		0.00828734
322		0.008315749
321.5		0.008458263
321		0.008169878
320.5		0.008313877
320		0.008107132
319.5		0.008127136
319		0.008237244
318.5		0.008201807
318		0.008084058
317.5		0.008248356
317		0.008005836
316.5		0.008264521
316		0.007989216
315.5		0.007996437
315		0.008036198
314.5		0.008000222
314		0.007865885
313.5		0.007906863
313		0.008001738
312.5		0.00786656
312		0.007842103
311.5		0.007827529
311		0.007831533
310.5		0.007722114
310		0.007712028
309.5		0.00795199
309		0.007639172
308.5		0.007734784
308		0.007662886
307.5		0.007783353
307		0.007657012
306.5		0.007826161
306		0.007486779
305.5		0.00753811
305		0.007540497
304.5		0.007633676
304		0.007508163
303.5		0.007476911
303		0.007439434
302.5		0.00736822
302		0.00739645
301.5		0.007375736
301		0.007293887
300.5		0.007367349
300		0.007471401
